==================================================
EVALUATION METRICS
==================================================
Accuracy:  0.3836
Precision: 0.3631
Recall:    0.3836
F1 Score:  0.3639
==================================================

Detailed Classification Report:
              precision    recall  f1-score   support

           0       0.58      0.58      0.58       182
           1       0.27      0.25      0.26       182
           2       0.20      0.12      0.15       181
           3       0.31      0.20      0.24       143
           4       0.51      0.66      0.58       182
           5       0.49      0.46      0.47       159
           6       0.51      0.60      0.56       182
           7       0.26      0.15      0.19       181
           8       0.33      0.49      0.40       182
           9       0.19      0.13      0.15       181
          10       0.33      0.55      0.41       182

    accuracy                           0.38      1937
   macro avg       0.36      0.38      0.36      1937
weighted avg       0.36      0.38      0.36      1937