==================================================
EVALUATION METRICS
==================================================
Accuracy:  0.4936
Precision: 0.4709
Recall:    0.4936
F1 Score:  0.4677
==================================================

Detailed Classification Report:
              precision    recall  f1-score   support

           0       0.78      0.82      0.80      1818
           1       0.50      0.35      0.41       793
           2       0.23      0.13      0.17      1359
           3       0.33      0.17      0.22       606
           4       0.48      0.42      0.45       445
           5       0.65      0.49      0.56       393
           6       0.55      0.57      0.56      1157
           7       0.42      0.33      0.37      1222
           8       0.43      0.66      0.52      1312
           9       0.26      0.12      0.17       922
          10       0.46      0.76      0.58      1818

    accuracy                           0.49     11845
   macro avg       0.46      0.44      0.44     11845
weighted avg       0.47      0.49      0.47     11845